0.259385 156
1.504700 1
0.079773 1
0.119925 1
0.176068 1
0.072042 1
0.095903 1
0.088095 1
0.128010 1
0.287993 1
0.103758 1
0.392181 4
0.199980 1
0.088054 1
0.272186 2
3.354481 18
0.000225 25
6.647611 22
0.449685 2
0.094337 52
0.000379 35
6.215816 30
1.406349 4
0.500824 4
0.030682 4
0.030718 4
0.030970 4
0.031508 4
0.029710 4
0.030981 4
0.031201 4
0.030688 4
0.029856 4
0.029891 4
0.030301 4
0.030699 4
0.030353 4
0.030764 4
0.030330 4
0.030877 4
0.030509 4
0.029300 4
0.030624 4
0.031316 4
0.031040 4
0.030752 4
0.030143 4
0.031147 4
0.030545 4
0.030948 4
0.030097 4
0.029661 4
0.030280 1
0.029923 1
0.031505 1
0.029285 1
0.242174 1
0.128143 1
0.224035 1
0.079829 1
0.143933 1
0.608526 2
0.011212 638
4.526089 30
0.295379 2
0.065089 47
0.000501 35
4.007102 50
0.343704 2
0.064751 37
0.007505 35
3.296236 34
0.303251 2
0.027249 626
0.055875 35
3.478633 36
0.286038 2
0.047386 35
1.112142 1
0.231396 1
0.192232 1
0.079924 1
0.143934 1
0.152825 2
0.011693 697
6.373649 70
0.431034 2
0.026520 92
0.001967 98
0.002662 165
0.001980 38
0.028757 58
0.121123 205
0.007763 119
0.024625 546
0.017157 33
0.303267 38
0.012064 97
0.145435 43
11.806234 28
0.000421 171
0.149613 87
0.003426 35
5.581719 78
0.293407 2
0.128317 35
3.079577 16
0.303558 2
0.135422 15
0.000485 22
3.937486 38
0.358327 2
0.326134 40
0.210921 60
0.023734 67
1.071375 35
5.685831 111
0.482466 2
0.133510 102
0.509972 94
0.056557 95
0.009489 92
0.009687 105
0.043129 98
0.155761 94
0.023982 95
0.006295 92
0.007131 105
0.010133 98
0.102898 32
0.010513 39
0.017168 32
5.018533 31
1.329124 36
0.537458 30
0.075646 44
0.003174 52
0.002788 33
0.131847 42
1.337165 24
7.052027 31
0.122121 44
0.002411 34
0.002295 53
0.072351 32
0.011836 34
0.012724 40
0.021253 36
0.023324 38
0.089070 49
0.331585 42
0.026245 39
0.026290 35
0.511207 36
0.005862 32
0.098429 34
0.050628 36
0.073338 32
0.103533 60
0.280973 65
0.066375 43
0.987701 47
0.023413 27
0.304767 32
0.004982 25
0.203673 30
0.003366 56
0.013596 40
0.032332 47
0.007052 29
0.003118 36
0.010493 35
6.269073 34
4.867669 92
0.074238 36
3.821735 1
0.207742 1
0.159926 1
0.272154 1
0.151855 1
0.240255 1
0.135730 1
0.095834 1
0.293867 1
0.554494 1
0.200148 1
0.247659 1
0.175020 2
0.721330 1
0.174188 1
0.377619 1
0.175864 1
0.696121 4
0.296063 1
0.191891 1
0.119108 2
1.249290 1
0.205236 4
0.405126 2
0.011779 93
0.000573 1021
0.873243 36
0.647991 1
0.151829 1
0.183753 1
0.840311 1
0.127723 1
0.096102 1
0.561160 2155
1.767160 1
0.151712 1
0.143931 1
0.136223 1
0.135781 1
0.143977 1
0.135917 1
0.144153 1
0.143932 1
0.144100 1
0.624166 86
0.500104 85
0.031065 84
0.029871 83
0.030586 82
0.029959 81
0.030256 80
0.029901 79
0.030939 78
0.030679 77
0.030092 76
0.030257 75
0.030898 74
0.030933 73
0.142081 72
0.167822 71
0.144084 70
0.152137 69
0.328258 68
1.136112 49
0.399771 71
0.224115 68
0.407939 68
0.208006 68
0.279894 68
0.103927 68
0.103834 68
0.272277 68
0.592483 68
0.119464 68
0.511976 68
0.120013 68
0.368127 68
0.111965 68
0.111994 68
0.609562 18
0.446298 44
0.296049 1
0.063912 1
0.449286 23
0.002590 70
0.003529 17
1.864911 1
0.167743 1
0.175876 1
0.120064 1
1.172762 8
0.016403 35
0.299014 1
0.199827 1
0.103900 1
0.191976 1
0.424203 4
0.327882 1
0.632209 1
0.912091 1
0.055656 1
0.207636 1
0.168200 1
0.112129 1
0.087878 1
0.480915 2
0.117819 98
0.201754 83
0.087421 160
6.463385 1
0.063906 1
0.183996 1
0.176018 1
0.096207 1
0.127914 1
0.087843 1
0.128193 1
0.159559 1
0.104097 1
0.095879 1
23.376539 2
3.328098 53
0.067543 18
0.000524 25
2.028765 1
0.111143 1
0.192431 1
0.063985 1
0.144006 1
0.170486 2
0.013652 693
9.618085 38
0.262468 2
0.046309 79
1.097331 1
0.191702 2
0.046988 50
0.007849 35
3.795874 48
0.293305 2
0.068412 89
1.435755 1
0.255687 2
0.000687 53
0.009327 38
0.009035 35
6.317732 38
0.808490 2
0.031358 628
0.036881 35
3.380753 40
0.783356 2
0.042714 35
3.823074 66
0.357927 2
0.030628 257
0.002141 98
0.001804 38
0.014071 58
0.131601 324
0.042615 542
0.012392 33
0.357431 38
0.029998 97
0.166722 43
14.937462 28
0.002491 171
0.155251 87
0.000418 35
8.829747 73
0.316171 1
0.500273 1
0.031024 1
0.029554 1
0.031501 1
0.029517 1
0.031054 1
0.029868 1
0.031385 1
0.030459 1
0.029761 1
0.030540 1
0.029087 1
0.029555 1
0.030808 1
0.030833 1
0.029884 1
0.030423 1
0.029389 1
0.029927 1
0.031151 1
0.029456 1
0.030244 1
0.029874 1
0.030200 1
0.030480 1
0.030627 1
0.030238 1
0.352728 1
0.272606 5
0.240000 5
0.128114 5
0.119913 5
0.112066 5
0.696311 2
0.175519 18
0.000499 17
2.390960 1
0.223891 1
0.120047 1
0.119763 1
0.104281 1
0.632139 1
0.485890 4
0.121889 1
0.111824 1
0.152244 1
0.223961 1
0.119808 1
0.094675 2
0.449724 1
0.287870 1
0.064092 1
0.111832 1
0.305171 2
0.102563 15
0.000232 22
5.202341 38
0.295862 2
0.290435 40
0.105946 60
0.018499 67
1.045470 35
7.056198 111
0.659396 2
0.115712 102
0.497433 94
0.052740 95
0.010466 92
0.009247 105
0.039763 98
0.139241 94
0.023493 95
0.006192 92
0.007200 105
0.010114 98
0.099543 32
0.009198 39
0.014888 32
0.354379 31
1.287453 36
0.575422 30
0.075114 44
0.003107 52
0.003045 33
0.125450 42
1.275606 24
7.219054 31
0.114539 44
0.003092 34
0.002779 53
0.072795 32
0.012615 34
0.014832 40
0.017905 36
0.019388 38
0.024017 49
0.338665 42
0.028468 39
0.027567 35
0.465033 36
0.006797 32
0.082154 34
0.047498 36
0.074040 32
0.100539 60
0.252124 65
0.022215 43
1.036899 47
0.019564 27
0.167663 32
0.003355 25
0.230848 30
0.003096 56
0.012842 40
0.032047 47
0.006441 29
0.003348 36
0.009552 35
6.728812 34
5.361404 92
0.080324 19
0.000415 17
7.772855 111
0.927888 55
7.767842 1
0.135515 1
0.184022 1
0.079947 1
0.144089 1
0.265058 2
0.010897 677
0.000946 17
8.651670 26
0.809335 2
0.080735 52
0.012986 88
5.985858 33
0.327805 2
0.067897 82
3.324667 37
0.319012 2
0.046330 55
0.615502 36
0.030460 36
1.595016 1
0.134608 1
0.111995 1
0.210763 2
0.035485 506
1.579432 3
0.134848 2
0.028373 506
0.812773 3
0.136273 2
0.019394 506
4.245622 28
0.351627 2
0.006772 29
0.015602 597
0.011496 71
0.000784 6
0.166116 44
3.839072 29
0.720163 2
0.090322 36
3.580292 26
0.336629 2
0.009871 31
0.072726 14
0.000325 231
0.001422 213
0.000370 153
0.001036 253
0.003336 46
0.057401 185
0.000726 46
0.001729 221
0.000343 154
0.000449 195
0.001377 46
0.485983 247
0.000835 46
0.013289 227
0.000296 157
0.001004 200
0.000582 46
0.009451 251
0.001270 46
0.098117 229
0.000454 158
0.000903 202
0.001206 46
0.317817 46
0.272680 129
0.000530 234
0.004076 74
0.014372 160
0.004571 654
0.000847 309
0.000856 299
0.001312 297
0.000655 305
0.002000 954
0.001188 410
0.002008 364
0.016831 46
0.013582 95
0.000459 137
0.001179 46
0.004109 88
0.000408 139
0.000423 133
0.000620 141
0.000567 137
0.002209 46
0.665577 46
0.016138 94
0.001321 46
0.019159 94
0.000483 46
0.001937 93
0.000508 135
0.000942 140
0.000389 162
0.000989 221
0.000513 171
0.001224 178
0.000548 180
0.021309 46
0.005936 124
0.000788 221
0.000356 162
0.002397 192
0.000354 162
0.000340 158
0.001071 451
0.000891 156
0.000392 152
0.000367 160
0.000470 150
0.004081 556
0.000303 212
0.000362 137
0.002789 213
0.005531 235
0.008217 561
0.000646 464
0.000846 322
0.000444 230
0.000521 222
0.001167 564
0.002571 1296
0.000482 216
0.000315 213
0.000692 661
0.000304 214
0.000576 428
0.000313 214
0.000871 526
0.000368 226
0.002012 1252
0.000486 432
0.000304 120
0.001255 201
0.000429 221
0.000338 213
0.000987 317
0.000357 228
0.000854 541
0.000508 452
0.000638 303
0.000500 221
0.000357 213
0.000503 120
0.000470 193
0.000556 444
0.000670 317
0.000321 228
0.003119 765
0.004384 543
0.000584 454
0.001003 313
0.000386 226
0.001560 757
0.000631 218
0.000392 120
0.001507 205
0.000359 223
0.000415 215
0.000735 303
0.000302 221
0.000415 213
0.001576 323
0.000354 231
0.001236 789
0.000324 227
0.000933 563
0.000319 226
0.000798 309
0.000387 214
0.000544 440
0.006326 335
0.003471 943
0.000412 233
0.000502 227
0.000452 231
0.000482 237
0.000449 229
0.001116 321
0.000480 230
0.000495 222
0.005898 299
0.000417 1534
0.000573 462
0.001114 299
0.000449 219
0.000400 211
0.000399 120
0.007649 189
0.000373 224
0.000334 216
0.000371 309
0.000839 440
0.000372 323
0.000338 231
0.000320 223
0.000471 347
0.000326 234
0.000323 226
0.000411 313
0.000356 226
0.000344 218
0.000480 309
0.000386 224
0.000944 521
0.000343 222
0.000405 214
0.000736 349
0.000327 244
0.000337 236
0.000708 325
0.000514 456
0.000707 333
0.000386 236
0.000537 228
0.000709 303
0.000436 434
0.000681 335
0.000323 237
0.000335 229
0.011186 303
0.000341 221
0.000344 213
0.000719 345
0.000419 242
0.000330 234
0.000887 554
0.000316 223
0.000734 313
0.000315 226
0.000325 218
0.000662 303
0.000386 221
0.000355 213
0.000686 305
0.000268 222
0.000304 214
0.000655 323
0.000323 231
0.000330 223
0.001019 329
0.009883 225
0.011629 217
0.000518 120
0.000867 193
0.000430 226
0.000336 218
0.001445 301
0.000476 220
0.001633 519
0.000430 223
0.001972 538
0.000755 454
0.001476 345
0.000564 242
0.000440 234
0.001127 321
0.011341 230
0.001428 539
0.000427 448
0.001665 333
0.000396 227
0.000398 219
0.000967 337
0.000308 238
0.000320 230
0.000709 309
0.000368 224
0.000300 216
0.000758 311
0.000353 225
0.000942 526
0.000312 224
0.000357 216
0.000900 309
0.000330 224
0.000355 216
0.003253 317
0.001448 228
0.000366 220
0.000716 311
0.000532 442
0.000663 299
0.000376 219
0.000332 211
0.001579 335
0.000447 228
0.000244 220
0.000697 297
0.000424 218
0.000346 210
0.000872 527
0.000380 214
0.000662 345
0.000339 242
0.000331 234
0.000713 299
0.000392 219
0.000364 211
0.000918 554
0.000353 223
0.000772 309
0.000330 224
0.000884 519
0.000491 221
0.000344 213
0.000804 337
0.000364 238
0.000414 230
0.000727 297
0.000434 218
0.000386 210
0.001193 335
0.000255 237
0.000419 229
0.000647 120
0.000487 183
0.000356 215
0.000370 211
0.000374 219
0.000405 214
0.000349 213
0.000868 530
0.000326 215
0.000774 329
0.000472 460
0.000703 347
0.000412 243
0.000315 235
0.000653 351
0.000356 245
0.000370 237
0.000835 297
0.000326 218
0.000427 210
0.000822 321
0.000289 230
0.000398 222
0.000765 303
0.000389 221
0.000329 213
0.000643 303
0.000347 221
0.000333 213
0.012923 4095
0.000123 2152
0.000702 4095
0.000130 2776
0.000591 4095
0.000222 2730
0.000443 4095
0.000160 2633
0.000537 4095
0.000129 2513
0.006277 4095
0.000061 4095
0.000037 4095
0.000038 4095
0.000030 1267
0.000403 4095
0.000038 4095
0.000040 4095
0.000023 4095
0.000026 4095
0.000024 4095
0.000020 4095
0.000020 4095
0.000018 3106
0.000137 4095
0.000027 4095
0.000029 4095
0.000018 3826
0.000064 4095
0.000050 2316
0.000539 4095
0.000127 2422
0.000562 4095
0.000136 2575
0.000522 4095
0.000306 2561
0.001236 3207
0.000380 1826
0.000829 542
0.000605 1969
0.000684 311
0.011273 1743
0.000845 518
0.000415 1703
0.000361 212
0.000752 351
0.000382 1831
0.000344 228
0.000640 305
0.000458 1706
0.000289 214
0.000693 307
0.000433 1727
0.000425 215
0.000716 305
0.000433 1719
0.000383 214
0.000770 337
0.000394 1847
0.000356 230
0.000713 357
0.000434 1927
0.000305 240
0.000671 333
0.000456 1831
0.000378 228
0.001218 1723
0.000405 425
0.000356 213
0.000372 212
0.000656 341
0.000505 1850
0.000352 232
0.000958 335
0.000385 1754
0.000386 220
0.000674 299
0.000403 1695
0.000331 211
0.000363 120
0.000841 189
0.000445 1735
0.000355 216
0.000827 311
0.000482 1730
0.008604 4095
0.000036 4095
0.000021 3264
0.000035 321
0.000427 1711
0.000292 213
0.000697 120
0.001013 227
0.000471 454
0.000523 473
0.000401 880
0.000329 226
0.000738 313
0.000357 1080
0.000327 218
0.001092 2054
0.000798 534
0.000460 1767
0.000331 220
0.001325 305
0.000561 1933
0.000878 301
0.000381 1690
0.000289 212
0.000930 307
0.000398 1727
0.000308 215
0.000713 307
0.000392 1727
0.001003 530
0.000388 1759
0.000290 219
0.000715 339
0.010599 1145
0.006307 231
0.001025 295
0.000434 1679
0.000301 209
0.000919 317
0.000406 1077
0.000317 220
0.001727 120
0.003845 203
0.000376 1719
0.000303 214
0.000764 311
0.000372 1743
0.001612 522
0.000420 1719
0.000337 214
0.000956 315
0.000380 1759
0.000330 219
0.000354 120
0.005724 177
0.000406 1687
0.000312 210
0.000348 315
0.000776 1759
0.000779 711
0.000472 1735
0.000351 216
0.000386 319
0.000441 1775
0.000328 221
0.000857 311
0.000409 1743
0.000888 524
0.000434 1727
0.000312 215
0.001670 305
0.000501 1706
0.001157 521
0.000605 1942
0.000707 321
0.000423 1783
0.000285 222
0.000718 307
0.000427 1727
0.000429 215
0.000663 315
0.000415 1759
0.000333 219
0.000819 323
0.000380 1791
0.000443 223
0.000919 317
0.000394 1767
0.000398 220
0.001429 313
0.000569 1751
0.000335 218
0.000941 309
0.000408 1735
0.001029 535
0.000625 1775
0.000316 221
0.000758 303
0.000470 1711
0.000376 213
0.000752 303
0.000479 1711
0.000398 213
0.000747 311
0.000548 1960
0.000730 311
0.000452 1743
0.000352 217
0.001663 309
0.000413 1735
0.001005 529
0.000572 1969
0.000963 1994
0.000505 211
0.000761 327
0.000453 1807
0.000339 225
0.000864 295
0.000387 1679
0.000997 518
0.000420 1735
0.000389 216
0.000756 315
0.000452 1759
0.001007 528
0.000589 1951
0.001556 295
0.000450 1666
0.000469 209
0.000842 311
0.000379 1743
0.000327 217
0.000843 313
0.000409 1751
0.000299 218
0.000793 305
0.011591 1719
0.000622 214
0.001217 313
0.000587 1751
0.000410 218
0.000787 317
0.000398 1767
0.000367 220
0.000822 309
0.000403 1735
0.000299 216
0.001798 349
0.000317 1882
0.000309 236
0.001060 325
0.000436 1799
0.000307 224
0.001066 2134
0.010820 225
0.001019 339
0.000408 1855
0.000317 231
0.000746 313
0.000462 1751
0.000339 218
0.000769 307
0.002890 1727
0.002102 2780
0.000583 1920
0.000331 120
0.001527 1904
0.001003 533
0.000457 1775
0.000296 221
0.000825 309
0.000496 1735
0.000457 216
0.001133 2004
0.000922 332
0.001978 229
0.000415 1590
0.000556 917
0.000337 236
0.000819 315
0.000415 1759
0.000328 219
0.001758 309
0.000323 1735
0.000341 216
0.002385 120
0.004425 193
0.000443 1751
0.001328 2552
0.000335 1711
0.000287 213
0.000903 315
0.000567 1978
0.000772 313
0.000381 1751
0.000451 218
0.000943 307
0.000464 1727
0.000297 215
0.000817 311
0.000404 1743
0.000371 217
0.000867 309
0.000453 1722
0.000267 216
0.000363 120
0.003567 181
0.000590 1915
0.000329 315
0.000692 1759
0.000317 219
0.000835 299
0.000384 1695
0.000368 211
0.000754 301
0.000416 1703
0.000332 212
0.000843 305
0.000732 1933
0.002856 2054
0.000780 337
0.000489 185
0.000442 1719
0.000335 214
0.000756 323
0.000410 1791
0.000358 223
0.000790 313
0.000394 1751
0.000317 218
0.000775 305
0.000382 1719
0.000314 214
0.000717 307
0.010892 1727
0.000437 215
0.000587 138
0.001829 183
0.000553 1911
0.000756 309
0.000565 1951
0.000779 307
0.000426 1714
0.000359 215
0.000802 317
0.000449 1767
0.001732 1925
0.000302 602
0.008784 211
0.000374 210
0.001188 301
0.000289 1422
0.000361 608
0.000356 213
0.000336 212
0.002050 299
0.000283 1695
0.000366 211
0.000339 120
0.001668 199
0.000445 1703
0.000373 212
0.001513 303
0.000447 1711
0.000324 213
0.000864 317
0.000426 1767
0.000348 220
0.000767 315
0.000605 1759
0.000999 524
0.000382 1719
0.000352 214
0.000987 325
0.000332 1786
0.000327 224
0.000746 315
0.000380 1759
0.000333 219
0.001876 329
0.000336 1815
0.000317 226
0.000749 311
0.000397 1743
0.000303 217
0.000742 335
0.000438 1839
0.000318 229
0.000742 335
0.000472 1839
0.000342 229
0.000778 299
0.000469 1695
0.000473 211
0.000273 120
0.002238 195
0.000401 1746
0.000363 219
0.000853 309
0.000439 1735
0.000316 216
0.000804 315
0.000688 1978
0.000907 329
0.000488 1743
0.000639 337
0.002717 203
0.000376 1778
0.000350 223
0.000951 319
0.000500 1775
0.000334 221
0.000781 307
0.000425 1727
0.000322 215
0.000811 307
0.000443 1727
0.000334 215
0.001500 120
0.012882 189
0.000771 1735
0.000681 216
0.000611 120
0.009814 201
0.000492 1770
0.000433 222
0.000458 120
0.006594 221
0.000404 1791
0.000361 223
0.000558 120
0.002723 185
0.000343 1719
0.000489 214
0.000485 2114
0.000294 223
0.001096 365
0.000595 1959
0.000277 244
0.001477 311
0.000388 1743
0.000332 216
0.000334 322
0.000388 1790
0.000314 222
0.000387 338
0.000353 1854
0.000338 230
0.000323 316
0.010982 1766
0.000544 219
0.000404 326
0.000409 1797
0.000340 224
0.000433 322
0.000401 1790
0.000306 222
0.002065 4095
0.000039 506
0.000206 241
0.000325 306
0.000415 1726
0.000284 214
0.000397 304
0.000815 1931
0.000111 312
0.000554 1967
0.000322 298
0.000408 1694
0.000321 210
0.000378 308
0.000911 1949
0.000801 1992
0.000967 2412
0.011501 298
0.000446 1694
0.000267 210
0.000371 320
0.000413 1782
0.000392 221
0.000395 320
0.000424 1782
0.000313 221
0.000421 322
0.000435 1790
0.000427 222
0.000344 328
0.000411 1814
0.000316 225
0.000400 344
0.000412 1865
0.000362 233
0.000365 300
0.000470 1689
0.000311 211
0.000476 314
0.000407 1758
0.000340 218
0.000396 316
0.000414 1766
0.000413 219
0.000421 318
0.000389 1774
0.000433 220
0.002908 2022
0.000051 2325
0.000045 522
0.000045 1702
0.002635 4095
0.000030 902
0.000272 1774
0.000411 220
0.000337 314
0.000445 1758
0.000303 218
0.000457 312
0.000366 1737
0.000392 217
0.000408 306
0.000459 1713
0.000588 540
0.000556 1806
0.000579 558
0.000394 1766
0.000297 219
0.000371 300
0.000432 1702
0.000323 211
0.000316 322
0.000401 1777
0.000293 222
0.000351 308
0.000629 1949
0.000338 340
0.000528 2012
0.000346 306
0.010575 1726
0.000621 214
0.000333 300
0.000501 1689
0.000365 211
0.000327 304
0.000381 1718
0.000330 213
0.000332 308
0.000450 1721
0.000374 215
0.000340 300
0.000858 2214
0.000564 1758
0.001233 528
0.000295 1958
0.000428 306
0.000428 1713
0.000336 214
0.000519 324
0.000414 1713
0.000391 214
0.000635 304
0.001455 1931
0.003807 2209
0.000489 233
0.000403 312
0.001060 2287
0.000471 650
0.000361 231
0.000708 660
0.000498 637
0.000501 222
0.000512 221
0.000656 318
0.000778 1981
0.000381 296
0.000738 1895
0.000399 320
0.000800 1990
0.000513 312
0.000738 1967
0.000534 326
0.000517 1806
0.000395 224
0.000396 318
0.000885 1994
0.000219 308
0.000879 1936
0.000045 350
0.000400 1880
0.000310 236
0.000322 332
0.000490 1821
0.000391 227
0.000709 2012
0.000286 212
0.000392 302
0.000429 1697
0.000459 212
0.000374 302
0.000392 1697
0.000407 212
0.000529 316
0.000370 1694
0.000346 210
0.000313 322
0.000492 1790
0.000305 222
0.000346 296
0.000366 1673
0.000329 209
0.000442 300
0.000403 1689
0.000337 211
0.000441 312
0.000392 1751
0.000348 218
0.000442 303
0.000423 1702
0.000493 213
0.000345 319
0.000392 1703
0.000340 212
0.000376 315
0.000399 1746
0.000317 219
0.000339 325
0.000423 1727
0.000365 215
0.000377 317
0.000455 1754
0.000299 220
0.000372 317
0.000395 1695
0.000372 211
0.000474 315
0.000456 1759
0.000397 219
0.000428 323
0.000412 1436
0.000383 614
0.000315 215
0.000337 214
0.000347 305
0.011854 1719
0.000692 214
0.000359 309
0.000393 1722
0.000386 216
0.000397 295
0.000402 1679
0.000358 209
0.000365 331
0.000378 1738
0.000348 218
0.005007 2214
0.005812 2387
0.002266 227
0.000600 315
0.000626 1746
0.000565 218
0.000732 318
0.000343 1702
0.000400 211
0.001086 359
0.000415 130
0.000563 134
0.000577 143
0.000603 132
0.043622 46
0.003295 219
0.000476 46
0.001655 85
0.000446 302
0.000351 132
0.000357 161
0.000750 143
0.000888 145
0.000409 46
0.014709 108
0.000589 363
0.011227 46
0.002314 99
0.000703 145
0.001952 140
0.001078 46
0.002568 106
0.000547 46
0.004198 144
0.000886 979
0.000638 1221
0.038743 119
0.001023 36
2.069151 42
0.320522 2
0.012845 36
2.985655 12
0.255956 2
0.184266 36
3.016240 30
0.295543 2
0.060375 36
5.167991 98
0.339687 2
0.190489 68
0.002418 36
0.918354 1
0.079548 1
0.191919 1
0.152001 1
0.304134 1
0.079985 1
0.055965 1
0.195595 2
0.212408 1
0.096095 1
0.184710 4
0.224434 2
0.003091 596
5.347851 1
0.175970 1
0.167692 1
0.111949 1
0.137906 8
0.061069 35
0.897662 1
0.215682 1
0.111806 1
0.135897 1
0.112076 1
0.160098 1
0.055859 1
0.184108 1
0.151944 1
0.111972 1
0.079941 1
1.017200 2
0.203225 83
0.086111 160
2.708671 11
41.096045 2
3.314478 53
0.054586 18
0.000251 25
1.479794 1
0.127601 1
0.198953 1
0.072602 1
0.144422 1
0.410499 2
0.012858 852
0.000694 321
3.008393 1
0.063572 1
0.087948 1
1.024219 1
0.695811 1
0.152183 1
0.336877 2
0.011348 693
14.869407 34
0.319508 2
0.037863 75
1.120976 1
0.135771 2
0.037523 49
0.004476 35
3.215504 21
0.294882 2
0.038368 47
0.000584 35
3.489962 22
0.303495 2
0.114126 95
4.503721 50
0.360873 2
0.055599 41
0.003995 35
3.187120 42
0.286898 2
0.020634 29
0.011499 624
0.159158 75
0.012287 10
0.018333 43
3.547492 43
0.294158 2
0.062675 35
3.018579 33
0.310904 2
0.021337 31
0.002209 32
0.000373 135
0.000538 286
0.000168 112
0.002726 96
0.000447 35
3.908460 19
0.360124 2
0.018589 35
4.101703 16
2.871706 2
0.024132 35
3.232712 45
0.302356 2
0.027252 18
0.001629 17
4.648129 100
0.339589 2
0.135024 104
0.640269 1
0.087686 1
0.199803 1
0.135703 1
0.168400 1
0.079884 1
0.072101 1
0.205021 2
0.211187 1
0.095812 1
0.208001 4
0.313175 2
0.003807 664
3.251305 1
0.159784 1
0.191888 1
0.080009 1
0.167986 1
0.288821 2
0.015312 1218
6.248187 1
0.263818 1
0.135972 1
0.311166 1
0.152814 1
0.296037 1
0.151944 1
0.087970 1
0.168938 2
0.043847 520
5.733002 31
0.375750 2
0.006338 35
4.139025 66
1.158224 2
0.047546 55
0.108023 39
0.010852 35
0.792895 66
0.143530 88
0.592202 63
0.640587 2
0.035686 647
3.235760 1
0.199450 1
0.159881 1
0.072459 1
0.151850 1
0.160754 2
0.016782 1574
6.144252 31
0.367501 2
0.003907 35
2.899101 1
0.088028 1
0.199805 1
0.231941 1
0.233112 2
0.005675 235
4.674497 17
1.239837 2
0.023493 35
3.273629 48
0.398687 2
0.059506 51
0.060260 43
1.199608 2
0.175563 2
0.488116 2
0.151780 2
0.230928 39
4.170242 16
0.255977 2
0.021604 35
0.777849 1
0.079485 1
0.111991 1
0.271979 1
0.201009 2
0.006094 432
3.697218 1
0.183864 1
0.111898 1
0.120088 1
0.191775 1
0.399902 1
0.152226 1
0.096174 1
0.183910 2
0.032607 520
0.999838 8
0.599536 4
0.151778 4
0.136192 4
0.471929 1
0.080108 1
0.311817 1
0.096233 1
0.151824 1
0.152709 2
0.024765 1218
7.279109 1
0.127350 1
0.392174 1
0.111987 1
0.063957 1
0.167891 1
0.063610 1
0.184304 1
0.127990 1
0.128089 1
0.112117 1
0.216687 2
0.110678 83
0.087105 160
5.960617 11
43.943978 2
3.230144 53
0.049179 18
0.000141 25
1.473480 1
0.111590 1
0.600077 1
0.079622 1
0.136341 1
0.162586 2
0.014830 1218
3.502983 1
0.215797 1
0.231818 1
0.096046 1
0.514353 10
0.000192 34
0.088527 156
0.988216 1
0.167825 1
0.144055 1
0.095921 1
0.111963 2
0.000147 6
