0.257929 139
0.785737 1
0.063448 1
0.208279 1
0.311945 1
0.079733 1
0.144403 1
0.071829 1
0.120125 1
0.168009 1
0.119902 1
0.087835 1
0.184096 2
3.144143 18
0.000280 25
1.208920 1
0.159715 1
0.119664 1
0.119233 1
0.152297 1
0.153025 1
0.087946 1
0.130001 2
0.050603 55
4.692880 38
0.487512 2
0.004351 47
3.194780 1
0.047793 1
0.199802 1
0.351795 1
0.272396 1
0.119700 1
0.144344 2
0.312132 1
0.143772 1
0.175511 2
0.720663 1
0.303786 1
0.135868 1
0.167857 5
0.880494 1
0.126784 9
0.689208 1
0.111705 1
0.183978 5
0.321157 67
0.502666 1
0.112150 1
0.615814 1
3.352719 1
0.311728 1
0.207758 1
0.064024 1
0.199935 1
0.103629 1
0.320199 1
0.720477 1
0.295790 1
0.223956 1
0.424116 1
0.103928 1
0.272048 1
0.143983 1
0.127726 1
0.698094 2
0.009631 4095
0.000176 3369
0.780731 64
5.153987 313
1.391263 17
0.414359 44
0.136015 1
0.064174 1
0.328854 24
0.002333 120
3.076960 1
0.167615 1
0.103938 1
0.208062 1
0.096120 1
0.175940 1
0.064046 1
0.287934 1
0.432001 1
0.071973 1
0.529053 2
0.006963 4095
0.000076 3361
5.370525 286
0.002398 604
0.636746 18
0.734035 44
0.103915 1
0.064272 1
0.216882 16
0.002102 120
4.456194 58
0.621565 2
0.112115 103
0.463653 94
0.058932 95
0.009988 92
0.010231 105
0.036793 91
0.006598 98
0.131152 94
0.025743 95
0.006569 92
0.007190 105
0.007446 91
0.005344 98
0.103766 32
0.010204 32
0.004401 87
0.003193 189
0.000289 156
0.001149 27
0.002068 129
0.000202 96
0.009625 65
11.630591 58
0.312135 71
2.344144 1
0.151646 1
0.159824 1
1.640429 1
0.135806 1
0.120105 1
0.111755 1
0.111922 1
0.456392 21
0.143377 21
0.384535 17
0.063888 17
0.287566 3
0.168363 3
0.500130 3
0.030709 3
0.030344 3
0.030321 3
0.029949 3
0.030823 3
0.030761 1
0.030608 1
0.030068 1
0.030745 1
0.409732 1
0.431996 1
1.696097 1
0.175346 1
0.088099 1
0.160038 1
0.112009 1
0.119870 1
0.377371 2
0.005798 65
0.465463 18
0.143687 74
0.568756 2
0.083497 103
0.409625 94
0.046214 95
0.008165 92
0.008494 105
0.030626 91
0.006038 98
0.113861 94
0.023108 95
0.006288 92
0.006931 105
0.007294 91
0.005333 98
0.090788 32
0.009015 32
0.006922 39
0.012255 32
0.313393 31
1.268701 36
0.512885 30
0.067094 44
0.002804 52
0.002498 33
0.119843 42
1.383080 24
7.282801 31
0.096378 44
0.002613 34
0.002512 53
0.072861 32
0.011944 34
0.011548 40
0.015484 36
0.017153 38
0.022689 49
0.294376 42
0.032102 39
0.023232 35
0.344118 36
0.007349 32
0.069796 34
0.032887 36
0.063125 32
0.118396 60
0.242881 65
0.018969 43
0.848977 47
0.020841 27
0.100927 32
0.004075 25
0.238801 30
0.003394 56
0.012325 40
0.029589 47
0.006555 29
0.003427 36
0.008476 35
6.349041 34
4.923774 92
0.067904 65
2.736528 55
0.926188 2
0.486886 23
0.204169 65
1.691404 1
0.159689 1
0.128061 1
0.215855 1
0.272205 1
0.231809 1
0.128134 1
0.079575 1
0.280464 4
0.135874 4
0.136133 4
0.192198 1
0.151855 1
0.120143 1
0.247269 1
0.800993 1
0.151314 1
0.191947 1
0.111807 1
0.224727 1
0.384039 1
0.205834 1
0.674007 1
0.151689 1
0.175930 1
0.088122 1
0.213229 1
0.411264 1
0.126361 4
1.378276 2
0.006835 15
0.001058 78
0.000529 1061
0.606940 36
0.871793 1
0.215458 1
0.080245 1
0.175556 1
0.088594 1
0.616951 2231
0.704050 1
0.151071 1
0.143942 1
0.127907 1
0.127886 1
0.136039 1
0.127813 1
0.176453 1
0.416157 38
0.167838 37
0.143861 36
0.112090 35
0.135965 34
0.120047 30
0.127919 28
0.135888 26
0.128010 24
0.144008 22
0.327511 20
0.712578 27
0.376288 1
0.071576 1
1.489580 29
0.004340 116
0.826506 1
0.159685 1
0.111950 1
0.119993 1
0.096136 1
0.199878 1
0.071431 1
0.175966 1
0.184610 1
0.120004 1
0.080010 1
1.224164 11
0.167801 4
0.152026 4
0.143941 4
0.160144 18
0.143886 16
8.993444 2
0.094558 83
0.079911 143
14.031356 1
0.198776 1
0.152233 1
0.103793 1
0.449012 2
0.000087 6
