0.248734 139
2.522260 1
0.079666 1
0.143803 1
0.160122 1
0.071640 1
0.128304 1
0.064119 1
0.143890 1
0.192034 1
0.103990 1
0.096022 1
0.360028 2
3.088885 53
0.040293 43
9.167990 8
0.394223 2
0.039979 129
0.621551 1
0.064053 1
0.247946 1
0.007198 1
0.032075 1
0.160526 1
0.264113 4
0.136061 4
0.496252 4
0.167690 1
0.424017 1
0.168062 1
0.039299 1
0.467275 2
0.549536 1
0.063742 1
0.691384 4
0.724707 1
0.199664 1
0.184312 1
0.152124 1
0.071899 1
0.063783 1
0.063992 1
0.208173 1
0.168011 1
0.064025 1
0.207568 1
0.480990 2
0.004871 154
1.562651 1
0.183978 1
0.135881 1
0.087874 1
0.128090 1
0.288138 1
0.183927 1
0.071280 1
0.584173 1
0.432439 1
0.280169 1
0.234047 2
5.095208 31
0.560057 2
0.027521 35
14.100739 30
0.751948 2
0.104332 61
0.001202 35
8.305151 84
3.788849 2
0.021688 35
4.404006 63
0.541989 2
0.108833 103
0.370586 94
0.050894 95
0.009066 92
0.008847 105
0.034336 91
0.006858 98
0.125148 94
0.024914 95
0.006286 92
0.007586 105
0.007624 91
0.005591 98
0.099239 32
0.009489 39
0.012568 32
0.419808 31
1.285915 36
0.469506 30
0.066554 44
0.002863 52
0.002535 33
0.117649 42
1.327316 24
7.085161 31
0.102068 44
0.002919 34
0.002484 53
0.047926 32
0.012105 40
0.015346 36
0.016427 38
0.019081 49
0.286872 42
0.025250 39
0.024514 35
0.386750 36
0.005893 32
0.067289 34
0.035105 36
0.063868 32
0.098181 60
0.233860 65
0.018217 43
0.871450 47
0.029038 27
0.043354 32
0.003428 25
0.169345 30
0.003143 56
0.012855 40
0.029649 47
0.006591 29
0.003375 36
0.008395 35
6.214392 34
4.908908 92
0.077218 35
10.840789 1
0.135543 1
0.128011 1
0.119830 1
0.096284 1
0.167963 1
0.063912 1
0.175899 1
0.152040 1
0.176090 1
0.567181 4
0.240661 1
0.200229 1
0.369111 2
0.147045 83
0.086841 143
16.507815 11
0.464234 2
3.159425 53
0.048165 18
0.000397 25
0.857199 1
0.143767 1
0.127875 1
0.136028 1
0.080158 1
0.736065 1
0.263792 1
0.216008 1
0.378930 2
0.042545 119
6.106454 1
0.288227 1
0.415869 1
0.096016 1
0.569700 10
0.000192 34
0.088017 139
0.821373 1
0.159732 1
0.175895 1
0.103963 1
0.256072 2
0.000109 6
